4001
3020
0
38100
1350
0
0
30030
14e5
0
0
30031
1577
0
0
30032
16d3
0
0
30040
ad6
0
0
30050
10b4
0
0
30070
80
2081
410
39100
1985
0
0
30090
11a7
0
0
300a0
1ab3
0
0
300a1
1365
0
0
300b0
13c7
0
0
300b1
1442
0
0
300c0
14f2
0
0
300c1
1563
0
0
300c2
1627
0
0
300c3
975
0
0
300d0
a66
0
0
300d1
af6
0
0
300d2
16b0
0
0
300d3
ca3
0
0
300e0
8000
4060
0
38200
1350
0
0
30030
1391
0
0
30031
1443
0
0
30032
14e5
0
0
30033
1631
0
0
30040
16d3
0
0
30041
1727
0
0
30042
9b3
0
0
30050
ad6
0
0
30051
8085
2040
808
39200
18a4
0
0
30090
1985
0
0
30091
1a01
0
0
300a0
1264
0
0
300b0
12f4
0
0
300b1
1563
0
0
300c0
15b3
0
0
300c1
975
0
0
300d0
16b0
0
0
300d1
ca3
0
0
300e0
e95
0
0
300f0
f07
0
0
300f1
fa7
0
0
300f2
1057
0
0
300f3
1097
0
0
300f4
4181
4080
408
38300
1832
0
0
30010
1e73
0
0
30020
122
0
0
30030
1e2
0
0
30031
3b5
0
0
30032
1391
0
0
30033
4f1
0
0
30040
15e1
0
0
30041
1631
0
0
30042
1727
0
0
30043
790
0
0
30050
c30
0
0
30060
ef2
0
0
30061
f71
0
0
30062
11a7
0
0
30070
4004
4040
408
39300
18a4
0
0
30090
1b43
0
0
300a0
1c7
0
0
300b0
287
0
0
300b1
1264
0
0
300b2
12f4
0
0
300b3
3c0
0
0
300c0
15b3
0
0
300c1
820
0
0
300d0
f07
0
0
300f0
fa7
0
0
300f1
1057
0
0
300f2
1097
0
0
300f3
8100
3000
1010
38400
1832
0
0
30010
1be4
0
0
30011
1c24
0
0
30012
1cd7
0
0
30013
1d30
0
0
30020
1db1
0
0
30021
1e2
0
0
30030
254
0
0
30031
3b5
0
0
30032
790
0
0
30050
c87
0
0
30051
e10
0
0
30060
f71
0
0
30061
4000
2040
0
39400
1c7
0
0
300b0
287
0
0
300b1
3c0
0
0
300c0
470
0
0
300c1
820
0
0
300d0
8000
1000
810
38502
17b3
0
0
30000
1be4
0
0
30010
1c24
0
0
30011
1d30
0
0
30020
1ed4
0
0
30021
355
0
0
30030
c87
0
0
30050
d77
0
0
30051
8081
20
10
39500
1bf3
0
0
300a0
1c33
0
0
300a1
310
0
0
300c0
8b3
0
0
300d0
9a4
0
0
300d1
d23
0
0
300e0
1137
0
0
300f0
8001
3061
10
38600
47
0
0
30020
1ed4
0
0
30021
c2
0
0
30030
284
0
0
30031
355
0
0
30032
5e5
0
0
30040
6a7
0
0
30041
727
0
0
30042
8f1
0
0
30050
952
0
0
30051
a23
0
0
30052
bb6
0
0
30053
d77
0
0
30054
db7
0
0
30055
12d7
0
0
30070
101
1040
410
39602
1853
0
0
30080
1924
0
0
30090
1c33
0
0
300a0
1c94
0
0
300a1
b6
0
0
300b0
4a1
0
0
300c0
624
0
0
300c1
d23
0
0
300e0
db5
0
0
300e1
1137
0
0
300f0
4083
1040
1408
38700
18a2
0
0
30010
1912
0
0
30011
1992
0
0
30012
1a12
0
0
30013
1b24
0
0
30014
47
0
0
30020
c2
0
0
30030
6a7
0
0
30040
727
0
0
30041
840
0
0
30050
ff7
0
0
30060
1144
0
0
30070
1237
0
0
30071
12d7
0
0
30072
80
4060
8
39702
1853
0
0
30080
1c94
0
0
300a0
14
0
0
300b0
b6
0
0
300b1
146
0
0
300b2
237
0
0
300b3
563
0
0
300c0
624
0
0
300c1
6e5
0
0
300c2
c11
0
0
300e0
4002
1040
800
38800
1aa2
0
0
30010
1b24
0
0
30011
466
0
0
30030
562
0
0
30040
616
0
0
30041
b36
0
0
30050
1040
0
0
30070
1237
0
0
30071
180
3080
0
39804
1750
0
0
30080
1783
0
0
30081
14
0
0
300b0
146
0
0
300b1
237
0
0
300b2
563
0
0
300c0
5e4
0
0
300c1
717
0
0
300c2
7e7
0
0
300c3
b30
0
0
300e0
bb1
0
0
300e1
e57
0
0
300e2
