0
0
0
3912c
6b0
0
0
30000
c6c2
0
0
30001
86cc
2
0
30002
835a
4
0
30003
1253
5
0
30004
d75c
5
0
30005
c65e
6
0
30006
525e
7
0
30007
9eed
7
0
30008
db6d
8
0
30009
31a
f
0
3000a
e69b
f
0
3000b
6a0
10
0
3000c
c32e
10
0
3000d
c72f
11
0
3000e
7b9
13
0
3000f
5b41
18
0
30010
db41
18
0
30011
4bc9
19
0
30012
4e00
1f
0
30013
968e
20
0
30014
1a2c
25
0
30015
0
0
0
39230
6b0
0
0
30000
c6c2
0
0
30001
86cc
2
0
30002
835a
4
0
30003
1253
5
0
30004
d75c
5
0
30005
c65e
6
0
30006
525e
7
0
30007
9eed
7
0
30008
db6d
8
0
30009
31a
f
0
3000a
6a0
10
0
3000b
c32e
10
0
3000c
c72f
11
0
3000d
7b9
13
0
3000e
a3ba
13
0
3000f
5b41
18
0
30010
db41
18
0
30011
4bc9
19
0
30012
4e00
1f
0
30013
968e
20
0
30014
231f
23
0
30015
1a2c
25
0
30016
a6ac
25
0
30017
0
0
0
39326
6b0
0
0
30000
c6c2
0
0
30001
86cc
2
0
30002
835a
4
0
30003
1253
5
0
30004
c65e
6
0
30005
9eed
7
0
30006
31a
f
0
30007
6a0
10
0
30008
c32e
10
0
30009
c72f
11
0
3000a
7b9
13
0
3000b
a3ba
13
0
3000c
4bc9
19
0
3000d
4e00
1f
0
3000e
968e
20
0
3000f
231f
23
0
30010
1a2c
25
0
30011
a6ac
25
0
30012
0
0
0
3941a
6b0
0
0
30000
86cc
2
0
30001
835a
4
0
30002
1253
5
0
30003
9eed
7
0
30004
31a
f
0
30005
6a0
10
0
30006
7b9
13
0
30007
a3ba
13
0
30008
968e
20
0
30009
231f
23
0
3000a
1a2c
25
0
3000b
a6ac
25
0
3000c
0
0
0
39506
685e
0
0
30000
2a3e
0
0
30001
32a3
0
0
30002
0
0
0
39618
6d0
4
0
30000
56ee
8
0
30001
572f
11
0
30002
47bb
14
0
30003
8bbb
14
0
30004
cb3d
15
0
30005
87bd
16
0
30006
de02
1f
0
30007
530b
20
0
30008
c612
21
0
30009
a9c
22
0
3000a
cf21
24
0
3000b
0
0
0
3971e
6d0
4
0
30000
56ee
8
0
30001
1673
9
0
30002
9673
9
0
30003
1975
a
0
30004
572f
11
0
30005
47bb
14
0
30006
8bbb
14
0
30007
cb3d
15
0
30008
87bd
16
0
30009
de02
1f
0
3000a
530b
20
0
3000b
c612
21
0
3000c
a9c
22
0
3000d
cf21
24
0
3000e
0
0
0
3981e
6d0
4
0
30000
56ee
8
0
30001
1673
9
0
30002
9673
9
0
30003
1975
a
0
30004
572f
11
0
30005
47bb
14
0
30006
8bbb
14
0
30007
cb3d
15
0
30008
87bd
16
0
30009
de02
1f
0
3000a
530b
20
0
3000b
c612
21
0
3000c
a9c
22
0
3000d
cf21
24
0
3000e
0
0
0
39916
6d0
4
0
30000
1673
9
0
30001
9673
9
0
30002
1975
a
0
30003
47bb
14
0
30004
8bbb
14
0
30005
cb3d
15
0
30006
87bd
16
0
30007
c612
21
0
30008
a9c
22
0
30009
cf21
24
0
3000a
