0
0
0
3910e
6d0
4
0
30000
1673
9
0
30001
9673
9
0
30002
1975
a
0
30003
8bbb
14
0
30004
87bd
16
0
30005
a9c
22
0
30006
0
0
0
3920c
6acc
2
0
30000
64e
3
0
30001
4e5e
6
0
30002
5b3d
15
0
30003
d3bf
17
0
30004
deae
26
0
30005
0
0
0
39310
6acc
2
0
30000
64e
3
0
30001
4e5e
6
0
30002
1faf
12
0
30003
5b3d
15
0
30004
1b3e
16
0
30005
d3bf
17
0
30006
deae
26
0
30007
0
0
0
39412
64e
3
0
30000
4e5e
6
0
30001
1faf
12
0
30002
5b3d
15
0
30003
1b3e
16
0
30004
d3bf
17
0
30005
a6a1
23
0
30006
22a1
24
0
30007
deae
26
0
30008
0
0
0
3950c
64e
3
0
30000
4e5e
6
0
30001
1faf
12
0
30002
1b3e
16
0
30003
a6a1
23
0
30004
22a1
24
0
30005
