2
2040
8
38102
4d50
0
0
30000
616f
0
0
30020
6211
0
0
30030
6675
0
0
30031
7d2c
0
0
30040
7f46
0
0
30041
3b61
0
0
30070
4707
0
0
30071
8080
1020
10
38200
5dab
0
0
30020
5e8d
0
0
30021
677a
0
0
30030
6f71
0
0
30040
1a41
0
0
30050
1cb5
0
0
30051
3695
0
0
30060
c004
1020
20
38302
4c90
0
0
30000
5009
0
0
30020
589a
0
0
30021
5a72
0
0
30022
60bd
0
0
30023
6441
0
0
30030
6c69
0
0
30040
1f05
0
0
30050
249e
0
0
30051
282f
0
0
30052
3a78
0
0
30070
3c78
0
0
30071
452b
0
0
30072
4a0f
0
0
30073
4080
1000
0
38400
685e
0
0
30030
2a3e
0
0
30050
32a3
0
0
30060
2
40
8
38502
4d50
0
0
30000
616f
0
0
30020
7d2c
0
0
30040
7f46
0
0
30041
3b61
0
0
30070
4707
0
0
30071
4000
1020
8
38600
5dab
0
0
30020
677a
0
0
30030
6f71
0
0
30040
1a41
0
0
30050
4
2021
20
38702
4c90
0
0
30000
5009
0
0
30020
589a
0
0
30021
5a72
0
0
30022
60bd
0
0
30023
6441
0
0
30030
6b4f
0
0
30031
6c69
0
0
30040
1f05
0
0
30050
249e
0
0
30051
2766
0
0
30052
282f
0
0
30053
3a78
0
0
30070
3c78
0
0
30071
452b
0
0
30072
4a0f
0
0
30073
4080
1000
0
38800
685e
0
0
30030
2a3e
0
0
30050
32a3
0
0
30060
